512 168 174 14568171 
512 166 165 14568171 
512 162 155 14568187 
512 157 141 14568203 
512 156 127 14568203 
512 154 115 14568218 
512 153 104 14568234 
512 153 95 14568234 
512 153 89 14568250 
512 152 81 14568265 
512 149 75 14568281 
512 148 70 14568281 
512 145 65 14568296 
512 145 62 14568312 
512 145 59 14568312 
512 145 57 14568328 
512 145 57 14568343 
512 145 56 14568343 
512 145 56 14568359 
512 145 55 14568375 
512 145 54 14568390 
512 145 54 14568406 
512 145 53 14568484 
512 150 56 14568500 
512 158 59 14568515 
512 164 62 14568515 
512 165 62 14568531 
512 167 62 14568546 
512 168 62 14568562 
512 168 62 14568593 
512 167 62 14568609 
512 166 63 14568625 
512 166 64 14568656 
513 166 64 14568828 
514 166 64 14568937 
512 167 64 14569000 
512 173 65 14569015 
512 183 67 14569031 
512 199 67 14569031 
512 225 67 14569046 
512 260 67 14569062 
512 301 67 14569062 
512 331 67 14569078 
512 362 67 14569093 
512 386 68 14569093 
512 407 70 14569109 
512 419 72 14569125 
512 424 72 14569140 
512 440 72 14569140 
512 462 72 14569156 
512 491 72 14569171 
512 517 72 14569171 
512 538 72 14569187 
512 552 72 14569203 
512 557 72 14569203 
512 557 72 14569218 
512 559 71 14569250 
512 561 71 14569265 
512 566 70 14569265 
512 574 69 14569281 
512 580 67 14569296 
512 582 67 14569296 
512 584 67 14569312 
512 585 66 14569328 
512 585 66 14569328 
512 586 65 14569343 
512 586 65 14569375 
512 587 64 14569421 
512 586 64 14569546 
512 586 64 14569562 
512 585 64 14569609 
512 585 64 14569609 
512 584 64 14569625 
512 583 65 14569640 
512 581 65 14569640 
512 581 66 14569656 
512 581 66 14569671 
513 581 66 14569734 
514 581 66 14569828 
512 581 66 14569875 
512 579 68 14569890 
512 578 70 14569906 
512 576 73 14569906 
512 572 80 14569921 
512 566 87 14569937 
512 558 95 14569937 
512 544 106 14569953 
512 524 121 14569968 
512 501 139 14569968 
512 479 159 14569984 
512 454 177 14570000 
512 434 198 14570000 
512 406 226 14570015 
512 377 250 14570031 
512 343 282 14570046 
512 312 314 14570046 
512 283 347 14570062 
512 252 383 14570078 
512 232 411 14570078 
512 216 430 14570093 
512 197 448 14570109 
512 183 464 14570109 
512 168 481 14570125 
512 154 495 14570140 
512 140 513 14570140 
512 122 532 14570156 
512 105 550 14570171 
512 87 573 14570171 
512 75 587 14570187 
512 66 598 14570203 
512 60 606 14570203 
512 53 615 14570218 
512 48 620 14570234 
512 45 624 14570234 
512 42 628 14570250 
512 41 629 14570265 
512 42 630 14570390 
512 48 626 14570406 
512 53 621 14570406 
512 53 617 14570421 
512 54 614 14570437 
512 55 609 14570453 
512 56 604 14570453 
512 56 599 14570468 
512 56 595 14570484 
512 56 591 14570484 
512 56 587 14570500 
512 56 584 14570515 
512 56 582 14570515 
512 56 580 14570531 
512 55 580 14570546 
512 55 579 14570546 
512 55 578 14570562 
512 55 577 14570578 
512 55 576 14570578 
512 55 575 14570593 
512 55 575 14570609 
512 55 574 14570609 
512 55 572 14570625 
512 55 572 14570640 
512 55 570 14570656 
512 56 570 14570656 
512 57 569 14570734 
512 59 569 14570750 
512 60 569 14570765 
512 61 569 14570765 
513 61 569 14570906 
514 61 569 14571031 
512 61 569 14571046 
512 62 569 14571062 
512 63 569 14571078 
512 64 568 14571093 
512 65 567 14571109 
512 66 567 14571125 
512 68 565 14571140 
512 72 560 14571140 
512 78 553 14571156 
512 91 543 14571171 
512 114 520 14571171 
512 145 494 14571187 
512 181 461 14571203 
512 233 423 14571203 
512 285 387 14571218 
512 334 358 14571234 
512 379 330 14571234 
512 418 302 14571250 
512 443 283 14571265 
512 459 267 14571265 
512 470 253 14571281 
512 471 244 14571296 
512 475 236 14571296 
512 477 226 14571312 
512 482 217 14571328 
512 487 209 14571343 
512 492 201 14571343 
512 498 195 14571359 
512 503 190 14571375 
512 505 187 14571375 
512 508 184 14571390 
512 508 183 14571406 
512 509 182 14571406 
512 509 180 14571421 
512 510 178 14571437 
512 513 174 14571437 
512 516 168 14571453 
512 520 163 14571468 
512 523 158 14571468 
512 525 155 14571484 
512 526 153 14571500 
512 527 151 14571500 
512 528 148 14571515 
512 530 147 14571531 
512 532 143 14571546 
512 534 138 14571546 
512 540 130 14571562 
512 546 122 14571578 
512 551 116 14571578 
512 555 110 14571593 
512 557 105 14571609 
512 559 100 14571609 
512 561 97 14571625 
512 563 93 14571640 
512 564 91 14571640 
512 565 89 14571656 
512 566 88 14571671 
512 566 87 14571671 
512 566 87 14571687 
512 566 86 14571703 
512 566 85 14571703 
512 566 85 14571718 
512 566 84 14571734 
512 566 84 14571750 
512 566 83 14571781 
512 566 83 14571796 
512 566 83 14571875 
513 566 83 14571937 
512 566 82 14571984 
512 566 82 14572000 
514 566 82 14572031 
512 566 82 14572078 
512 567 82 14572093 
512 569 82 14572109 
512 569 82 14572109 
512 570 83 14572125 
512 570 86 14572140 
512 570 89 14572156 
512 570 92 14572156 
512 570 99 14572171 
512 570 104 14572187 
512 570 113 14572187 
512 572 125 14572203 
512 574 137 14572218 
512 580 157 14572218 
512 589 183 14572234 
512 593 206 14572250 
512 595 227 14572250 
512 599 252 14572265 
512 599 270 14572281 
512 599 287 14572281 
512 599 303 14572296 
512 598 314 14572312 
512 597 327 14572312 
512 597 343 14572328 
512 597 353 14572343 
512 597 365 14572343 
512 597 373 14572359 
512 597 381 14572375 
512 597 387 14572390 
512 597 394 14572390 
512 597 401 14572406 
512 597 407 14572421 
512 596 413 14572421 
512 593 419 14572437 
512 593 422 14572453 
512 592 426 14572453 
512 591 430 14572468 
512 589 437 14572484 
512 588 442 14572484 
512 585 448 14572500 
512 583 455 14572515 
512 580 461 14572515 
512 576 466 14572531 
512 573 470 14572546 
512 571 473 14572546 
512 569 476 14572562 
512 569 476 14572578 
512 568 477 14572703 
512 568 476 14572828 
513 568 476 14572890 
514 568 476 14572984 
512 568 475 14573046 
512 568 473 14573062 
512 568 469 14573078 
512 563 465 14573078 
512 557 459 14573093 
512 545 449 14573109 
512 524 439 14573109 
512 494 421 14573125 
512 469 399 14573140 
512 445 368 14573156 
512 423 343 14573156 
512 400 316 14573171 
512 377 291 14573187 
512 351 266 14573187 
512 327 244 14573203 
512 306 228 14573218 
512 284 211 14573218 
512 268 203 14573234 
512 260 199 14573250 
512 255 194 14573250 
512 254 192 14573265 
512 253 189 14573281 
512 252 186 14573281 
512 252 184 14573296 
512 251 180 14573312 
512 250 177 14573312 
512 249 173 14573328 
512 248 169 14573343 
512 247 167 14573359 
512 246 163 14573359 
512 245 162 14573375 
512 244 160 14573390 
512 244 159 14573390 
512 244 157 14573406 
512 242 155 14573421 
512 241 153 14573421 
512 239 150 14573437 
512 235 145 14573453 
512 231 140 14573453 
512 226 135 14573468 
512 222 131 14573484 
512 218 126 14573484 
512 217 124 14573500 
512 214 120 14573515 
512 213 116 14573515 
512 212 114 14573531 
512 209 111 14573546 
512 207 108 14573546 
512 204 106 14573562 
512 203 105 14573578 
512 202 104 14573593 
512 200 103 14573593 
512 200 102 14573609 
512 199 101 14573625 
512 199 101 14573625 
512 199 100 14573640 
512 199 100 14573656 
513 199 100 14574031 
514 199 100 14574125 
512 199 99 14574203 
512 200 100 14574203 
512 204 101 14574218 
512 208 105 14574234 
512 215 109 14574234 
512 220 113 14574250 
512 224 117 14574265 
512 229 121 14574265 
512 230 123 14574281 
512 233 126 14574296 
512 234 131 14574296 
512 239 136 14574312 
512 242 141 14574328 
512 248 145 14574328 
512 254 150 14574343 
512 257 153 14574359 
512 260 156 14574359 
512 261 157 14574375 
512 261 158 14574390 
512 261 158 14574406 
512 262 160 14574406 
512 262 160 14574421 
512 262 161 14574437 
512 262 162 14574468 
512 262 162 14574484 
512 262 163 14574500 
512 263 163 14574500 
512 264 164 14574531 
513 264 164 14574718 
514 264 164 14574796 
512 262 165 14574875 
512 258 166 14574875 
512 252 166 14574890 
512 246 167 14574906 
512 240 169 14574921 
512 235 169 14574921 
512 232 169 14574937 
512 232 169 14574953 
512 231 169 14574968 
512 230 169 14574984 
512 228 169 14574984 
512 224 169 14575000 
512 216 169 14575015 
512 210 169 14575015 
512 199 169 14575031 
512 194 169 14575046 
512 191 169 14575046 
512 191 169 14575062 
512 190 168 14575078 
512 190 168 14575125 
512 187 168 14575140 
512 183 168 14575140 
512 181 168 14575156 
512 181 167 14575171 
512 181 167 14575218 
512 180 167 14575234 
512 180 167 14575234 
513 180 167 14575375 
512 179 166 14575468 
514 179 166 14575484 
512 179 165 14575500 
512 179 161 14575515 
512 179 158 14575515 
512 177 153 14575531 
512 176 148 14575546 
512 175 143 14575546 
512 175 139 14575562 
512 175 137 14575578 
512 174 133 14575578 
512 174 129 14575593 
512 174 126 14575609 
512 174 123 14575609 
512 174 121 14575625 
512 174 118 14575640 
512 174 117 14575640 
512 174 115 14575656 
512 174 114 14575671 
512 174 112 14575671 
512 174 111 14575687 
512 172 109 14575703 
512 172 106 14575718 
512 172 105 14575718 
512 172 103 14575734 
512 172 101 14575750 
512 172 100 14575750 
512 172 98 14575765 
512 172 97 14575781 
512 172 94 14575781 
512 172 93 14575796 
512 172 92 14575812 
512 172 91 14575812 
512 172 90 14575828 
512 172 89 14575843 
512 171 88 14575843 
512 171 87 14575859 
512 171 86 14575875 
512 171 84 14575875 
512 170 84 14575890 
512 170 82 14575906 
512 170 82 14575906 
512 170 81 14575921 
512 170 80 14575937 
512 169 79 14575953 
512 169 79 14575984 
513 169 79 14576062 
514 169 79 14576140 
513 169 79 14576250 
514 169 79 14576359 
512 170 78 14576437 
512 173 78 14576453 
512 176 78 14576468 
512 181 78 14576468 
512 186 78 14576484 
512 195 78 14576500 
512 207 78 14576515 
512 220 78 14576515 
512 239 78 14576531 
512 266 78 14576546 
512 296 78 14576546 
512 328 78 14576562 
512 361 78 14576578 
512 391 78 14576578 
512 422 78 14576593 
512 446 78 14576609 
512 465 78 14576609 
512 479 78 14576625 
512 488 78 14576640 
512 494 78 14576640 
512 500 78 14576656 
512 505 78 14576671 
512 513 78 14576671 
512 519 78 14576687 
512 523 78 14576703 
512 524 78 14576718 
512 524 78 14576718 
512 525 78 14576765 
512 526 78 14576765 
512 528 78 14576781 
512 533 78 14576796 
512 541 78 14576812 
512 545 78 14576812 
512 550 78 14576828 
512 552 78 14576843 
512 554 78 14576843 
512 554 78 14576859 
512 555 78 14576875 
512 556 78 14576875 
512 557 78 14576937 
512 558 77 14576953 
512 558 77 14576968 
513 558 77 14577140 
514 558 77 14577234 
513 558 77 14577312 
514 558 77 14577421 
512 557 77 14577484 
512 555 79 14577484 
512 547 85 14577500 
512 538 92 14577515 
512 528 100 14577515 
512 514 116 14577531 
512 500 130 14577546 
512 481 149 14577546 
512 464 166 14577562 
512 453 180 14577578 
512 441 195 14577578 
512 426 215 14577593 
512 415 232 14577609 
512 402 254 14577625 
512 387 274 14577625 
512 372 296 14577640 
512 358 314 14577656 
512 340 336 14577656 
512 324 354 14577671 
512 311 372 14577687 
512 304 381 14577687 
512 297 392 14577703 
512 291 401 14577718 
512 285 409 14577718 
512 279 418 14577734 
512 271 426 14577750 
512 265 434 14577750 
512 260 441 14577765 
512 255 446 14577781 
512 251 451 14577781 
512 248 454 14577796 
512 246 457 14577812 
512 242 460 14577812 
512 236 462 14577828 
512 229 467 14577843 
512 217 473 14577859 
512 207 479 14577859 
512 198 485 14577875 
512 190 493 14577890 
512 186 496 14577890 
512 185 498 14577906 
512 184 499 14577921 
512 179 503 14577921 
512 174 506 14577937 
512 170 509 14577953 
512 161 514 14577953 
512 151 520 14577968 
512 140 525 14577984 
512 131 531 14577984 
512 125 535 14578000 
512 122 538 14578015 
512 119 538 14578015 
512 117 539 14578031 
512 116 540 14578046 
512 114 541 14578046 
512 113 541 14578062 
512 112 542 14578078 
512 109 544 14578093 
512 107 544 14578093 
512 107 544 14578109 
512 104 544 14578125 
512 103 545 14578125 
512 102 546 14578140 
512 101 546 14578156 
512 100 546 14578156 
512 99 546 14578171 
512 97 548 14578234 
512 94 549 14578250 
512 92 550 14578250 
512 91 551 14578265 
512 89 551 14578281 
512 88 552 14578281 
512 88 552 14578296 
512 87 552 14578312 
512 86 553 14578312 
512 83 554 14578328 
512 82 555 14578343 
512 80 557 14578343 
513 80 557 14578484 
514 80 557 14578578 
513 80 557 14578671 
514 80 557 14578781 
512 80 556 14578828 
512 81 555 14578843 
512 84 552 14578859 
512 88 549 14578875 
512 93 545 14578875 
512 101 538 14578890 
512 112 529 14578906 
512 132 516 14578906 
512 156 499 14578921 
512 184 478 14578937 
512 213 454 14578937 
512 245 425 14578953 
512 283 391 14578968 
512 316 357 14578968 
512 350 323 14578984 
512 384 289 14579000 
512 415 254 14579000 
512 442 230 14579015 
512 451 218 14579031 
512 460 208 14579046 
512 467 197 14579046 
512 471 190 14579062 
512 473 181 14579078 
512 474 173 14579078 
512 477 166 14579093 
512 482 154 14579109 
512 489 141 14579109 
512 493 134 14579125 
512 496 129 14579140 
512 499 123 14579140 
512 502 118 14579156 
512 505 113 14579171 
512 508 107 14579171 
512 513 101 14579187 
512 518 94 14579203 
512 523 87 14579203 
512 526 82 14579218 
512 528 79 14579234 
512 530 77 14579250 
512 530 77 14579250 
512 532 75 14579265 
512 533 75 14579281 
512 535 74 14579281 
512 540 71 14579296 
512 545 70 14579312 
512 549 68 14579312 
512 552 65 14579328 
512 557 62 14579343 
512 561 60 14579343 
512 561 59 14579359 
512 564 58 14579375 
512 565 57 14579375 
512 567 56 14579390 
512 568 55 14579406 
512 569 55 14579406 
512 569 55 14579421 
513 569 55 14579562 
514 569 55 14579656 
513 569 55 14579796 
514 569 55 14579875 
512 570 55 14579968 
512 571 55 14579968 
512 571 55 14579984 
512 571 56 14580000 
512 571 59 14580000 
512 571 62 14580015 
512 571 68 14580031 
512 571 74 14580031 
512 572 83 14580046 
512 573 94 14580062 
512 577 108 14580062 
512 584 129 14580078 
512 592 156 14580093 
512 599 186 14580093 
512 605 213 14580109 
512 606 244 14580125 
512 606 272 14580125 
512 606 296 14580140 
512 601 324 14580156 
512 593 352 14580156 
512 584 380 14580171 
512 576 411 14580187 
512 563 440 14580203 
512 555 458 14580203 
512 551 471 14580218 
512 550 478 14580234 
512 549 484 14580234 
512 549 488 14580250 
512 549 492 14580265 
512 549 498 14580265 
512 549 502 14580281 
512 549 503 14580296 
512 549 503 14580296 
512 549 504 14580312 
512 549 505 14580359 
512 548 506 14580359 
512 547 507 14580375 
512 547 506 14580468 
512 547 505 14580468 
512 548 501 14580484 
512 549 498 14580500 
512 552 493 14580500 
512 553 490 14580515 
512 554 488 14580531 
512 554 487 14580546 
512 555 486 14580546 
512 555 484 14580562 
512 555 484 14580578 
512 555 484 14580609 
512 555 483 14580671 
513 555 483 14580765 
514 555 483 14580890 
513 555 483 14580984 
514 555 483 14581093 
512 555 482 14581125 
512 555 482 14581140 
512 555 481 14581156 
512 555 480 14581156 
512 557 477 14581171 
512 559 474 14581187 
512 559 470 14581187 
512 559 465 14581203 
512 559 464 14581218 
512 554 459 14581375 
512 548 451 14581390 
512 538 435 14581390 
512 528 418 14581406 
512 511 401 14581421 
512 491 383 14581421 
512 464 361 14581437 
512 436 340 14581453 
512 413 324 14581453 
512 391 304 14581468 
512 376 289 14581484 
512 367 278 14581484 
512 358 264 14581500 
512 352 254 14581515 
512 347 246 14581531 
512 342 237 14581531 
512 335 229 14581546 
512 329 223 14581562 
512 327 220 14581562 
512 324 217 14581578 
512 322 215 14581593 
512 319 211 14581593 
512 316 208 14581609 
512 314 205 14581625 
512 308 202 14581625 
512 306 198 14581640 
512 304 194 14581656 
512 303 191 14581656 
512 301 185 14581671 
512 299 181 14581687 
512 295 176 14581687 
512 290 172 14581703 
512 285 168 14581718 
512 279 164 14581718 
512 270 160 14581734 
512 264 155 14581750 
512 257 152 14581765 
512 254 149 14581765 
512 251 146 14581781 
512 249 143 14581796 
512 248 140 14581796 
512 247 137 14581812 
512 245 135 14581828 
512 244 134 14581828 
512 241 132 14581843 
512 238 129 14581859 
512 238 129 14581859 
512 236 127 14581875 
512 235 127 14581890 
512 234 125 14581890 
512 232 124 14581906 
512 231 122 14581921 
512 230 121 14581921 
512 228 119 14581937 
512 228 119 14581953 
512 227 118 14581968 
512 226 117 14581968 
512 226 117 14581984 
512 224 115 14582000 
512 223 114 14582000 
512 221 113 14582015 
512 220 112 14582031 
512 219 111 14582031 
512 218 110 14582046 
512 217 109 14582062 
512 215 108 14582062 
512 215 108 14582078 
512 214 107 14582093 
512 213 106 14582093 
513 213 106 14582203 
514 213 106 14582312 
513 213 106 14582437 
514 213 106 14582546 
512 213 106 14582703 
512 216 107 14582703 
512 221 111 14582718 
512 230 117 14582734 
512 240 125 14582734 
512 247 130 14582750 
512 258 138 14582765 
512 264 142 14582765 
512 266 144 14582781 
512 268 145 14582796 
512 268 147 14582812 
512 268 148 14582828 
512 268 150 14582828 
512 268 151 14582843 
512 269 154 14582859 
512 269 156 14582859 
512 269 158 14582875 
512 270 160 14582890 
512 270 161 14582906 
512 270 162 14582921 
512 270 162 14582937 
512 270 163 14582953 
512 270 164 14582968 
512 270 164 14582984 
512 270 166 14582984 
512 270 168 14583000 
512 270 170 14583015 
512 270 170 14583031 
513 270 170 14583125 
514 270 170 14583218 
513 270 170 14583312 
514 270 170 14583406 
512 268 171 14583484 
512 265 171 14583500 
512 260 171 14583515 
512 249 171 14583531 
512 243 171 14583531 
512 232 171 14583546 
512 223 171 14583562 
512 215 171 14583562 
512 210 171 14583578 
512 202 171 14583593 
512 199 171 14583593 
512 195 171 14583609 
512 191 171 14583625 
512 189 171 14583625 
512 188 171 14583640 
512 187 172 14583734 
512 186 172 14583734 
512 186 172 14583843 
512 186 172 14583875 
512 185 171 14583906 
512 184 171 14583921 
512 181 171 14583937 
512 179 171 14583937 
512 178 171 14583953 
512 177 170 14583968 
512 177 170 14584000 
512 176 170 14584046 
513 176 170 14584093 
514 176 170 14584171 
513 176 170 14584281 
514 176 170 14584375 
